0	0.714286	0.100000	10.000000	10
1	0.823052	0.100000	10.000000	10
2	0.977273	0.100000	10.000000	10
3	0.820130	0.100000	10.000000	10
4	0.777273	0.100000	10.000000	10
0	0.770130	0.250000	10.000000	10
1	0.777273	0.250000	10.000000	10
2	0.954545	0.250000	10.000000	10
3	0.862987	0.250000	10.000000	10
4	0.744481	0.250000	10.000000	10
0	0.770130	0.500000	10.000000	10
1	0.784416	0.500000	10.000000	10
2	0.954545	0.500000	10.000000	10
3	0.848701	0.500000	10.000000	10
4	0.734416	0.500000	10.000000	10
0	0.770130	0.750000	10.000000	10
1	0.784416	0.750000	10.000000	10
2	0.988636	0.750000	10.000000	10
3	0.834416	0.750000	10.000000	10
4	0.824351	0.750000	10.000000	10
0	0.770130	1.000000	10.000000	10
1	0.784416	1.000000	10.000000	10
2	0.988636	1.000000	10.000000	10
3	0.834416	1.000000	10.000000	10
4	0.752922	1.000000	10.000000	10
0	0.770130	1.500000	10.000000	10
1	0.784416	1.500000	10.000000	10
2	0.988636	1.500000	10.000000	10
3	0.834416	1.500000	10.000000	10
4	0.677273	1.500000	10.000000	10
0	0.770130	2.000000	10.000000	10
1	0.784416	2.000000	10.000000	10
2	0.988636	2.000000	10.000000	10
3	0.834416	2.000000	10.000000	10
4	0.677273	2.000000	10.000000	10
0	0.770130	2.500000	10.000000	10
1	0.784416	2.500000	10.000000	10
2	0.988636	2.500000	10.000000	10
3	0.834416	2.500000	10.000000	10
4	0.677273	2.500000	10.000000	10
0	0.770130	3.000000	10.000000	10
1	0.784416	3.000000	10.000000	10
2	0.988636	3.000000	10.000000	10
3	0.834416	3.000000	10.000000	10
4	0.677273	3.000000	10.000000	10
0	0.770130	3.500000	10.000000	10
1	0.784416	3.500000	10.000000	10
2	0.988636	3.500000	10.000000	10
3	0.834416	3.500000	10.000000	10
4	0.677273	3.500000	10.000000	10
0	0.770130	4.000000	10.000000	10
1	0.784416	4.000000	10.000000	10
2	0.988636	4.000000	10.000000	10
3	0.834416	4.000000	10.000000	10
4	0.677273	4.000000	10.000000	10
0	0.770130	6.000000	10.000000	10
1	0.784416	6.000000	10.000000	10
2	0.988636	6.000000	10.000000	10
3	0.834416	6.000000	10.000000	10
4	0.677273	6.000000	10.000000	10
0	0.752922	0.100000	3.333333	30
1	0.837338	0.100000	3.333333	30
2	0.977273	0.100000	3.333333	30
3	0.808766	0.100000	3.333333	30
4	0.707468	0.100000	3.333333	30
0	0.752922	0.250000	3.333333	30
1	0.837338	0.250000	3.333333	30
2	0.977273	0.250000	3.333333	30
3	0.808766	0.250000	3.333333	30
4	0.707468	0.250000	3.333333	30
0	0.752922	0.500000	3.333333	30
1	0.837338	0.500000	3.333333	30
2	0.977273	0.500000	3.333333	30
3	0.808766	0.500000	3.333333	30
4	0.707468	0.500000	3.333333	30
0	0.752922	0.750000	3.333333	30
1	0.837338	0.750000	3.333333	30
2	0.977273	0.750000	3.333333	30
3	0.808766	0.750000	3.333333	30
4	0.707468	0.750000	3.333333	30
0	0.752922	1.000000	3.333333	30
1	0.837338	1.000000	3.333333	30
2	0.977273	1.000000	3.333333	30
3	0.808766	1.000000	3.333333	30
4	0.707468	1.000000	3.333333	30
0	0.752922	1.500000	3.333333	30
1	0.837338	1.500000	3.333333	30
2	0.977273	1.500000	3.333333	30
3	0.808766	1.500000	3.333333	30
4	0.707468	1.500000	3.333333	30
0	0.752922	2.000000	3.333333	30
1	0.837338	2.000000	3.333333	30
2	0.977273	2.000000	3.333333	30
3	0.808766	2.000000	3.333333	30
4	0.707468	2.000000	3.333333	30
0	0.752922	2.500000	3.333333	30
1	0.837338	2.500000	3.333333	30
2	0.977273	2.500000	3.333333	30
3	0.808766	2.500000	3.333333	30
4	0.707468	2.500000	3.333333	30
0	0.752922	3.000000	3.333333	30
1	0.837338	3.000000	3.333333	30
2	0.977273	3.000000	3.333333	30
3	0.808766	3.000000	3.333333	30
4	0.707468	3.000000	3.333333	30
0	0.752922	3.500000	3.333333	30
1	0.837338	3.500000	3.333333	30
2	0.977273	3.500000	3.333333	30
3	0.808766	3.500000	3.333333	30
4	0.707468	3.500000	3.333333	30
0	0.752922	4.000000	3.333333	30
1	0.837338	4.000000	3.333333	30
2	0.977273	4.000000	3.333333	30
3	0.808766	4.000000	3.333333	30
4	0.707468	4.000000	3.333333	30
0	0.752922	6.000000	3.333333	30
1	0.837338	6.000000	3.333333	30
2	0.977273	6.000000	3.333333	30
3	0.808766	6.000000	3.333333	30
4	0.707468	6.000000	3.333333	30
0	0.737338	0.100000	2.000000	50
1	0.788961	0.100000	2.000000	50
2	0.840909	0.100000	2.000000	50
3	0.787662	0.100000	2.000000	50
4	0.701948	0.100000	2.000000	50
0	0.737338	0.250000	2.000000	50
1	0.788961	0.250000	2.000000	50
2	0.840909	0.250000	2.000000	50
3	0.787662	0.250000	2.000000	50
4	0.701948	0.250000	2.000000	50
0	0.737338	0.500000	2.000000	50
1	0.788961	0.500000	2.000000	50
2	0.840909	0.500000	2.000000	50
3	0.787662	0.500000	2.000000	50
4	0.701948	0.500000	2.000000	50
0	0.737338	0.750000	2.000000	50
1	0.788961	0.750000	2.000000	50
2	0.840909	0.750000	2.000000	50
3	0.787662	0.750000	2.000000	50
4	0.701948	0.750000	2.000000	50
0	0.737338	1.000000	2.000000	50
1	0.788961	1.000000	2.000000	50
2	0.840909	1.000000	2.000000	50
3	0.787662	1.000000	2.000000	50
4	0.701948	1.000000	2.000000	50
0	0.737338	1.500000	2.000000	50
1	0.788961	1.500000	2.000000	50
2	0.840909	1.500000	2.000000	50
3	0.787662	1.500000	2.000000	50
4	0.701948	1.500000	2.000000	50
0	0.737338	2.000000	2.000000	50
1	0.788961	2.000000	2.000000	50
2	0.840909	2.000000	2.000000	50
3	0.787662	2.000000	2.000000	50
4	0.701948	2.000000	2.000000	50
0	0.737338	2.500000	2.000000	50
1	0.788961	2.500000	2.000000	50
2	0.840909	2.500000	2.000000	50
3	0.787662	2.500000	2.000000	50
4	0.701948	2.500000	2.000000	50
0	0.737338	3.000000	2.000000	50
1	0.788961	3.000000	2.000000	50
2	0.840909	3.000000	2.000000	50
3	0.787662	3.000000	2.000000	50
4	0.701948	3.000000	2.000000	50
0	0.737338	3.500000	2.000000	50
1	0.788961	3.500000	2.000000	50
2	0.840909	3.500000	2.000000	50
3	0.787662	3.500000	2.000000	50
4	0.701948	3.500000	2.000000	50
0	0.737338	4.000000	2.000000	50
1	0.788961	4.000000	2.000000	50
2	0.840909	4.000000	2.000000	50
3	0.787662	4.000000	2.000000	50
4	0.701948	4.000000	2.000000	50
0	0.737338	6.000000	2.000000	50
1	0.788961	6.000000	2.000000	50
2	0.840909	6.000000	2.000000	50
3	0.787662	6.000000	2.000000	50
4	0.701948	6.000000	2.000000	50
0	0.519481	0.100000	1.000000	100
1	0.425000	0.100000	1.000000	100
2	0.636364	0.100000	1.000000	100
3	0.430844	0.100000	1.000000	100
4	0.409416	0.100000	1.000000	100
0	0.519481	0.250000	1.000000	100
1	0.425000	0.250000	1.000000	100
2	0.636364	0.250000	1.000000	100
3	0.430844	0.250000	1.000000	100
4	0.409416	0.250000	1.000000	100
0	0.519481	0.500000	1.000000	100
1	0.425000	0.500000	1.000000	100
2	0.636364	0.500000	1.000000	100
3	0.430844	0.500000	1.000000	100
4	0.409416	0.500000	1.000000	100
0	0.519481	0.750000	1.000000	100
1	0.425000	0.750000	1.000000	100
2	0.636364	0.750000	1.000000	100
3	0.430844	0.750000	1.000000	100
4	0.409416	0.750000	1.000000	100
0	0.519481	1.000000	1.000000	100
1	0.425000	1.000000	1.000000	100
2	0.636364	1.000000	1.000000	100
3	0.430844	1.000000	1.000000	100
4	0.409416	1.000000	1.000000	100
0	0.519481	1.500000	1.000000	100
1	0.425000	1.500000	1.000000	100
2	0.636364	1.500000	1.000000	100
3	0.430844	1.500000	1.000000	100
4	0.409416	1.500000	1.000000	100
0	0.519481	2.000000	1.000000	100
1	0.425000	2.000000	1.000000	100
2	0.636364	2.000000	1.000000	100
3	0.430844	2.000000	1.000000	100
4	0.409416	2.000000	1.000000	100
0	0.519481	2.500000	1.000000	100
1	0.425000	2.500000	1.000000	100
2	0.636364	2.500000	1.000000	100
3	0.430844	2.500000	1.000000	100
4	0.409416	2.500000	1.000000	100
0	0.519481	3.000000	1.000000	100
1	0.425000	3.000000	1.000000	100
2	0.636364	3.000000	1.000000	100
3	0.430844	3.000000	1.000000	100
4	0.409416	3.000000	1.000000	100
0	0.519481	3.500000	1.000000	100
1	0.425000	3.500000	1.000000	100
2	0.636364	3.500000	1.000000	100
3	0.430844	3.500000	1.000000	100
4	0.409416	3.500000	1.000000	100
0	0.519481	4.000000	1.000000	100
1	0.425000	4.000000	1.000000	100
2	0.636364	4.000000	1.000000	100
3	0.430844	4.000000	1.000000	100
4	0.409416	4.000000	1.000000	100
0	0.519481	6.000000	1.000000	100
1	0.425000	6.000000	1.000000	100
2	0.636364	6.000000	1.000000	100
3	0.430844	6.000000	1.000000	100
4	0.409416	6.000000	1.000000	100
0	0.503571	0.100000	0.200000	500
1	0.464935	0.100000	0.200000	500
2	0.625000	0.100000	0.200000	500
3	0.467857	0.100000	0.200000	500
4	0.477922	0.100000	0.200000	500
0	0.503571	0.250000	0.200000	500
1	0.464935	0.250000	0.200000	500
2	0.625000	0.250000	0.200000	500
3	0.467857	0.250000	0.200000	500
4	0.477922	0.250000	0.200000	500
0	0.503571	0.500000	0.200000	500
1	0.464935	0.500000	0.200000	500
2	0.625000	0.500000	0.200000	500
3	0.467857	0.500000	0.200000	500
4	0.477922	0.500000	0.200000	500
0	0.503571	0.750000	0.200000	500
1	0.464935	0.750000	0.200000	500
2	0.625000	0.750000	0.200000	500
3	0.467857	0.750000	0.200000	500
4	0.477922	0.750000	0.200000	500
0	0.503571	1.000000	0.200000	500
1	0.464935	1.000000	0.200000	500
2	0.625000	1.000000	0.200000	500
3	0.467857	1.000000	0.200000	500
4	0.477922	1.000000	0.200000	500
0	0.503571	1.500000	0.200000	500
1	0.464935	1.500000	0.200000	500
2	0.625000	1.500000	0.200000	500
3	0.467857	1.500000	0.200000	500
4	0.477922	1.500000	0.200000	500
0	0.503571	2.000000	0.200000	500
1	0.464935	2.000000	0.200000	500
2	0.625000	2.000000	0.200000	500
3	0.467857	2.000000	0.200000	500
4	0.477922	2.000000	0.200000	500
0	0.503571	2.500000	0.200000	500
1	0.464935	2.500000	0.200000	500
2	0.625000	2.500000	0.200000	500
3	0.467857	2.500000	0.200000	500
4	0.477922	2.500000	0.200000	500
0	0.503571	3.000000	0.200000	500
1	0.464935	3.000000	0.200000	500
2	0.625000	3.000000	0.200000	500
3	0.467857	3.000000	0.200000	500
4	0.477922	3.000000	0.200000	500
0	0.503571	3.500000	0.200000	500
1	0.464935	3.500000	0.200000	500
2	0.625000	3.500000	0.200000	500
3	0.467857	3.500000	0.200000	500
4	0.477922	3.500000	0.200000	500
0	0.503571	4.000000	0.200000	500
1	0.464935	4.000000	0.200000	500
2	0.625000	4.000000	0.200000	500
3	0.467857	4.000000	0.200000	500
4	0.477922	4.000000	0.200000	500
0	0.503571	6.000000	0.200000	500
1	0.464935	6.000000	0.200000	500
2	0.625000	6.000000	0.200000	500
3	0.467857	6.000000	0.200000	500
4	0.477922	6.000000	0.200000	500
