0	0.714286	0.100000	7.500000	10
1	0.830195	0.100000	7.500000	10
2	0.977273	0.100000	7.500000	10
3	0.754870	0.100000	7.500000	10
4	0.723052	0.100000	7.500000	10
0	0.714286	0.250000	7.500000	10
1	0.791558	0.250000	7.500000	10
2	0.931818	0.250000	7.500000	10
3	0.820130	0.250000	7.500000	10
4	0.700325	0.250000	7.500000	10
0	0.714286	0.500000	7.500000	10
1	0.791558	0.500000	7.500000	10
2	0.954545	0.500000	7.500000	10
3	0.803247	0.500000	7.500000	10
4	0.745779	0.500000	7.500000	10
0	0.714286	0.750000	7.500000	10
1	0.791558	0.750000	7.500000	10
2	0.954545	0.750000	7.500000	10
3	0.803247	0.750000	7.500000	10
4	0.767532	0.750000	7.500000	10
0	0.714286	1.000000	7.500000	10
1	0.791558	1.000000	7.500000	10
2	0.954545	1.000000	7.500000	10
3	0.803247	1.000000	7.500000	10
4	0.767532	1.000000	7.500000	10
0	0.714286	1.500000	7.500000	10
1	0.791558	1.500000	7.500000	10
2	0.954545	1.500000	7.500000	10
3	0.803247	1.500000	7.500000	10
4	0.767532	1.500000	7.500000	10
0	0.714286	2.000000	7.500000	10
1	0.791558	2.000000	7.500000	10
2	0.954545	2.000000	7.500000	10
3	0.803247	2.000000	7.500000	10
4	0.767532	2.000000	7.500000	10
0	0.714286	2.500000	7.500000	10
1	0.791558	2.500000	7.500000	10
2	0.954545	2.500000	7.500000	10
3	0.803247	2.500000	7.500000	10
4	0.767532	2.500000	7.500000	10
0	0.714286	3.000000	7.500000	10
1	0.791558	3.000000	7.500000	10
2	0.954545	3.000000	7.500000	10
3	0.803247	3.000000	7.500000	10
4	0.767532	3.000000	7.500000	10
0	0.714286	3.500000	7.500000	10
1	0.791558	3.500000	7.500000	10
2	0.954545	3.500000	7.500000	10
3	0.803247	3.500000	7.500000	10
4	0.767532	3.500000	7.500000	10
0	0.714286	4.000000	7.500000	10
1	0.791558	4.000000	7.500000	10
2	0.954545	4.000000	7.500000	10
3	0.803247	4.000000	7.500000	10
4	0.767532	4.000000	7.500000	10
0	0.714286	6.000000	7.500000	10
1	0.791558	6.000000	7.500000	10
2	0.954545	6.000000	7.500000	10
3	0.803247	6.000000	7.500000	10
4	0.767532	6.000000	7.500000	10
0	0.781818	0.100000	2.500000	30
1	0.784416	0.100000	2.500000	30
2	0.886364	0.100000	2.500000	30
3	0.837662	0.100000	2.500000	30
4	0.677597	0.100000	2.500000	30
0	0.781818	0.250000	2.500000	30
1	0.784416	0.250000	2.500000	30
2	0.886364	0.250000	2.500000	30
3	0.837662	0.250000	2.500000	30
4	0.677597	0.250000	2.500000	30
0	0.781818	0.500000	2.500000	30
1	0.784416	0.500000	2.500000	30
2	0.886364	0.500000	2.500000	30
3	0.837662	0.500000	2.500000	30
4	0.677597	0.500000	2.500000	30
0	0.781818	0.750000	2.500000	30
1	0.784416	0.750000	2.500000	30
2	0.886364	0.750000	2.500000	30
3	0.837662	0.750000	2.500000	30
4	0.677597	0.750000	2.500000	30
0	0.781818	1.000000	2.500000	30
1	0.784416	1.000000	2.500000	30
2	0.886364	1.000000	2.500000	30
3	0.837662	1.000000	2.500000	30
4	0.677597	1.000000	2.500000	30
0	0.781818	1.500000	2.500000	30
1	0.784416	1.500000	2.500000	30
2	0.886364	1.500000	2.500000	30
3	0.837662	1.500000	2.500000	30
4	0.677597	1.500000	2.500000	30
0	0.781818	2.000000	2.500000	30
1	0.784416	2.000000	2.500000	30
2	0.886364	2.000000	2.500000	30
3	0.837662	2.000000	2.500000	30
4	0.677597	2.000000	2.500000	30
0	0.781818	2.500000	2.500000	30
1	0.784416	2.500000	2.500000	30
2	0.886364	2.500000	2.500000	30
3	0.837662	2.500000	2.500000	30
4	0.677597	2.500000	2.500000	30
0	0.781818	3.000000	2.500000	30
1	0.784416	3.000000	2.500000	30
2	0.886364	3.000000	2.500000	30
3	0.837662	3.000000	2.500000	30
4	0.677597	3.000000	2.500000	30
0	0.781818	3.500000	2.500000	30
1	0.784416	3.500000	2.500000	30
2	0.886364	3.500000	2.500000	30
3	0.837662	3.500000	2.500000	30
4	0.677597	3.500000	2.500000	30
0	0.781818	4.000000	2.500000	30
1	0.784416	4.000000	2.500000	30
2	0.886364	4.000000	2.500000	30
3	0.837662	4.000000	2.500000	30
4	0.677597	4.000000	2.500000	30
0	0.781818	6.000000	2.500000	30
1	0.784416	6.000000	2.500000	30
2	0.886364	6.000000	2.500000	30
3	0.837662	6.000000	2.500000	30
4	0.677597	6.000000	2.500000	30
0	0.667857	0.100000	1.500000	50
1	0.668182	0.100000	1.500000	50
2	0.886364	0.100000	1.500000	50
3	0.733766	0.100000	1.500000	50
4	0.746104	0.100000	1.500000	50
0	0.667857	0.250000	1.500000	50
1	0.668182	0.250000	1.500000	50
2	0.886364	0.250000	1.500000	50
3	0.733766	0.250000	1.500000	50
4	0.746104	0.250000	1.500000	50
0	0.667857	0.500000	1.500000	50
1	0.668182	0.500000	1.500000	50
2	0.886364	0.500000	1.500000	50
3	0.733766	0.500000	1.500000	50
4	0.746104	0.500000	1.500000	50
0	0.667857	0.750000	1.500000	50
1	0.668182	0.750000	1.500000	50
2	0.886364	0.750000	1.500000	50
3	0.733766	0.750000	1.500000	50
4	0.746104	0.750000	1.500000	50
0	0.667857	1.000000	1.500000	50
1	0.668182	1.000000	1.500000	50
2	0.886364	1.000000	1.500000	50
3	0.733766	1.000000	1.500000	50
4	0.746104	1.000000	1.500000	50
0	0.667857	1.500000	1.500000	50
1	0.668182	1.500000	1.500000	50
2	0.886364	1.500000	1.500000	50
3	0.733766	1.500000	1.500000	50
4	0.746104	1.500000	1.500000	50
0	0.667857	2.000000	1.500000	50
1	0.668182	2.000000	1.500000	50
2	0.886364	2.000000	1.500000	50
3	0.733766	2.000000	1.500000	50
4	0.746104	2.000000	1.500000	50
0	0.667857	2.500000	1.500000	50
1	0.668182	2.500000	1.500000	50
2	0.886364	2.500000	1.500000	50
3	0.733766	2.500000	1.500000	50
4	0.746104	2.500000	1.500000	50
0	0.667857	3.000000	1.500000	50
1	0.668182	3.000000	1.500000	50
2	0.886364	3.000000	1.500000	50
3	0.733766	3.000000	1.500000	50
4	0.746104	3.000000	1.500000	50
0	0.667857	3.500000	1.500000	50
1	0.668182	3.500000	1.500000	50
2	0.886364	3.500000	1.500000	50
3	0.733766	3.500000	1.500000	50
4	0.746104	3.500000	1.500000	50
0	0.667857	4.000000	1.500000	50
1	0.668182	4.000000	1.500000	50
2	0.886364	4.000000	1.500000	50
3	0.733766	4.000000	1.500000	50
4	0.746104	4.000000	1.500000	50
0	0.667857	6.000000	1.500000	50
1	0.668182	6.000000	1.500000	50
2	0.886364	6.000000	1.500000	50
3	0.733766	6.000000	1.500000	50
4	0.746104	6.000000	1.500000	50
0	0.519481	0.100000	0.750000	100
1	0.425000	0.100000	0.750000	100
2	0.636364	0.100000	0.750000	100
3	0.430844	0.100000	0.750000	100
4	0.409416	0.100000	0.750000	100
0	0.519481	0.250000	0.750000	100
1	0.425000	0.250000	0.750000	100
2	0.636364	0.250000	0.750000	100
3	0.430844	0.250000	0.750000	100
4	0.409416	0.250000	0.750000	100
0	0.519481	0.500000	0.750000	100
1	0.425000	0.500000	0.750000	100
2	0.636364	0.500000	0.750000	100
3	0.430844	0.500000	0.750000	100
4	0.409416	0.500000	0.750000	100
0	0.519481	0.750000	0.750000	100
1	0.425000	0.750000	0.750000	100
2	0.636364	0.750000	0.750000	100
3	0.430844	0.750000	0.750000	100
4	0.409416	0.750000	0.750000	100
0	0.519481	1.000000	0.750000	100
1	0.425000	1.000000	0.750000	100
2	0.636364	1.000000	0.750000	100
3	0.430844	1.000000	0.750000	100
4	0.409416	1.000000	0.750000	100
0	0.519481	1.500000	0.750000	100
1	0.425000	1.500000	0.750000	100
2	0.636364	1.500000	0.750000	100
3	0.430844	1.500000	0.750000	100
4	0.409416	1.500000	0.750000	100
0	0.519481	2.000000	0.750000	100
1	0.425000	2.000000	0.750000	100
2	0.636364	2.000000	0.750000	100
3	0.430844	2.000000	0.750000	100
4	0.409416	2.000000	0.750000	100
0	0.519481	2.500000	0.750000	100
1	0.425000	2.500000	0.750000	100
2	0.636364	2.500000	0.750000	100
3	0.430844	2.500000	0.750000	100
4	0.409416	2.500000	0.750000	100
0	0.519481	3.000000	0.750000	100
1	0.425000	3.000000	0.750000	100
2	0.636364	3.000000	0.750000	100
3	0.430844	3.000000	0.750000	100
4	0.409416	3.000000	0.750000	100
0	0.519481	3.500000	0.750000	100
1	0.425000	3.500000	0.750000	100
2	0.636364	3.500000	0.750000	100
3	0.430844	3.500000	0.750000	100
4	0.409416	3.500000	0.750000	100
0	0.519481	4.000000	0.750000	100
1	0.425000	4.000000	0.750000	100
2	0.636364	4.000000	0.750000	100
3	0.430844	4.000000	0.750000	100
4	0.409416	4.000000	0.750000	100
0	0.519481	6.000000	0.750000	100
1	0.425000	6.000000	0.750000	100
2	0.636364	6.000000	0.750000	100
3	0.430844	6.000000	0.750000	100
4	0.409416	6.000000	0.750000	100
0	0.503571	0.100000	0.150000	500
1	0.464935	0.100000	0.150000	500
2	0.625000	0.100000	0.150000	500
3	0.467857	0.100000	0.150000	500
4	0.477922	0.100000	0.150000	500
0	0.503571	0.250000	0.150000	500
1	0.464935	0.250000	0.150000	500
2	0.625000	0.250000	0.150000	500
3	0.467857	0.250000	0.150000	500
4	0.477922	0.250000	0.150000	500
0	0.503571	0.500000	0.150000	500
1	0.464935	0.500000	0.150000	500
2	0.625000	0.500000	0.150000	500
3	0.467857	0.500000	0.150000	500
4	0.477922	0.500000	0.150000	500
0	0.503571	0.750000	0.150000	500
1	0.464935	0.750000	0.150000	500
2	0.625000	0.750000	0.150000	500
3	0.467857	0.750000	0.150000	500
4	0.477922	0.750000	0.150000	500
0	0.503571	1.000000	0.150000	500
1	0.464935	1.000000	0.150000	500
2	0.625000	1.000000	0.150000	500
3	0.467857	1.000000	0.150000	500
4	0.477922	1.000000	0.150000	500
0	0.503571	1.500000	0.150000	500
1	0.464935	1.500000	0.150000	500
2	0.625000	1.500000	0.150000	500
3	0.467857	1.500000	0.150000	500
4	0.477922	1.500000	0.150000	500
0	0.503571	2.000000	0.150000	500
1	0.464935	2.000000	0.150000	500
2	0.625000	2.000000	0.150000	500
3	0.467857	2.000000	0.150000	500
4	0.477922	2.000000	0.150000	500
0	0.503571	2.500000	0.150000	500
1	0.464935	2.500000	0.150000	500
2	0.625000	2.500000	0.150000	500
3	0.467857	2.500000	0.150000	500
4	0.477922	2.500000	0.150000	500
0	0.503571	3.000000	0.150000	500
1	0.464935	3.000000	0.150000	500
2	0.625000	3.000000	0.150000	500
3	0.467857	3.000000	0.150000	500
4	0.477922	3.000000	0.150000	500
0	0.503571	3.500000	0.150000	500
1	0.464935	3.500000	0.150000	500
2	0.625000	3.500000	0.150000	500
3	0.467857	3.500000	0.150000	500
4	0.477922	3.500000	0.150000	500
0	0.503571	4.000000	0.150000	500
1	0.464935	4.000000	0.150000	500
2	0.625000	4.000000	0.150000	500
3	0.467857	4.000000	0.150000	500
4	0.477922	4.000000	0.150000	500
0	0.503571	6.000000	0.150000	500
1	0.464935	6.000000	0.150000	500
2	0.625000	6.000000	0.150000	500
3	0.467857	6.000000	0.150000	500
4	0.477922	6.000000	0.150000	500
