0	0.692308	0.100000	22.500000	10
1	0.954545	0.100000	22.500000	10
2	0.954545	0.100000	22.500000	10
3	0.916084	0.100000	22.500000	10
4	0.923077	0.100000	22.500000	10
0	0.692308	0.250000	22.500000	10
1	0.954545	0.250000	22.500000	10
2	1.000000	0.250000	22.500000	10
3	0.769231	0.250000	22.500000	10
4	0.923077	0.250000	22.500000	10
0	0.692308	0.500000	22.500000	10
1	0.954545	0.500000	22.500000	10
2	0.954545	0.500000	22.500000	10
3	0.769231	0.500000	22.500000	10
4	0.923077	0.500000	22.500000	10
0	0.692308	0.750000	22.500000	10
1	0.954545	0.750000	22.500000	10
2	1.000000	0.750000	22.500000	10
3	0.769231	0.750000	22.500000	10
4	0.923077	0.750000	22.500000	10
0	0.692308	1.000000	22.500000	10
1	1.000000	1.000000	22.500000	10
2	0.954545	1.000000	22.500000	10
3	0.769231	1.000000	22.500000	10
4	0.923077	1.000000	22.500000	10
0	0.864802	1.500000	22.500000	10
1	1.000000	1.500000	22.500000	10
2	1.000000	1.500000	22.500000	10
3	0.799534	1.500000	22.500000	10
4	0.844988	1.500000	22.500000	10
0	0.864802	2.000000	22.500000	10
1	0.954545	2.000000	22.500000	10
2	0.954545	2.000000	22.500000	10
3	0.769231	2.000000	22.500000	10
4	0.923077	2.000000	22.500000	10
0	0.864802	2.500000	22.500000	10
1	0.931818	2.500000	22.500000	10
2	0.954545	2.500000	22.500000	10
3	0.769231	2.500000	22.500000	10
4	0.923077	2.500000	22.500000	10
0	0.864802	3.000000	22.500000	10
1	0.886364	3.000000	22.500000	10
2	0.931818	3.000000	22.500000	10
3	0.769231	3.000000	22.500000	10
4	0.923077	3.000000	22.500000	10
0	0.864802	3.500000	22.500000	10
1	0.886364	3.500000	22.500000	10
2	1.000000	3.500000	22.500000	10
3	0.769231	3.500000	22.500000	10
4	0.923077	3.500000	22.500000	10
0	0.864802	4.000000	22.500000	10
1	0.886364	4.000000	22.500000	10
2	1.000000	4.000000	22.500000	10
3	0.918998	4.000000	22.500000	10
4	0.923077	4.000000	22.500000	10
0	0.864802	6.000000	22.500000	10
1	0.886364	6.000000	22.500000	10
2	1.000000	6.000000	22.500000	10
3	0.900350	6.000000	22.500000	10
4	0.923077	6.000000	22.500000	10
0	0.692308	0.100000	7.500000	30
1	0.954545	0.100000	7.500000	30
2	1.000000	0.100000	7.500000	30
3	0.769231	0.100000	7.500000	30
4	0.867716	0.100000	7.500000	30
0	0.692308	0.250000	7.500000	30
1	1.000000	0.250000	7.500000	30
2	1.000000	0.250000	7.500000	30
3	0.769231	0.250000	7.500000	30
4	0.903263	0.250000	7.500000	30
0	0.692308	0.500000	7.500000	30
1	0.954545	0.500000	7.500000	30
2	0.954545	0.500000	7.500000	30
3	0.769231	0.500000	7.500000	30
4	0.928904	0.500000	7.500000	30
0	0.692308	0.750000	7.500000	30
1	1.000000	0.750000	7.500000	30
2	0.954545	0.750000	7.500000	30
3	0.867716	0.750000	7.500000	30
4	0.928904	0.750000	7.500000	30
0	0.692308	1.000000	7.500000	30
1	1.000000	1.000000	7.500000	30
2	0.954545	1.000000	7.500000	30
3	0.769231	1.000000	7.500000	30
4	0.923077	1.000000	7.500000	30
0	0.692308	1.500000	7.500000	30
1	1.000000	1.500000	7.500000	30
2	0.954545	1.500000	7.500000	30
3	0.890443	1.500000	7.500000	30
4	0.890443	1.500000	7.500000	30
0	0.692308	2.000000	7.500000	30
1	1.000000	2.000000	7.500000	30
2	0.954545	2.000000	7.500000	30
3	0.890443	2.000000	7.500000	30
4	0.906177	2.000000	7.500000	30
0	0.692308	2.500000	7.500000	30
1	1.000000	2.500000	7.500000	30
2	0.954545	2.500000	7.500000	30
3	0.890443	2.500000	7.500000	30
4	0.906177	2.500000	7.500000	30
0	0.692308	3.000000	7.500000	30
1	1.000000	3.000000	7.500000	30
2	0.954545	3.000000	7.500000	30
3	0.890443	3.000000	7.500000	30
4	0.906177	3.000000	7.500000	30
0	0.692308	3.500000	7.500000	30
1	1.000000	3.500000	7.500000	30
2	0.954545	3.500000	7.500000	30
3	0.890443	3.500000	7.500000	30
4	0.906177	3.500000	7.500000	30
0	0.692308	4.000000	7.500000	30
1	1.000000	4.000000	7.500000	30
2	0.954545	4.000000	7.500000	30
3	0.890443	4.000000	7.500000	30
4	0.906177	4.000000	7.500000	30
0	0.692308	6.000000	7.500000	30
1	1.000000	6.000000	7.500000	30
2	0.954545	6.000000	7.500000	30
3	0.890443	6.000000	7.500000	30
4	0.906177	6.000000	7.500000	30
0	0.692308	0.100000	4.500000	50
1	0.954545	0.100000	4.500000	50
2	0.954545	0.100000	4.500000	50
3	0.864802	0.100000	4.500000	50
4	0.923077	0.100000	4.500000	50
0	0.692308	0.250000	4.500000	50
1	0.954545	0.250000	4.500000	50
2	0.931818	0.250000	4.500000	50
3	0.877622	0.250000	4.500000	50
4	0.923077	0.250000	4.500000	50
0	0.692308	0.500000	4.500000	50
1	0.954545	0.500000	4.500000	50
2	0.931818	0.500000	4.500000	50
3	0.909091	0.500000	4.500000	50
4	0.893357	0.500000	4.500000	50
0	0.692308	0.750000	4.500000	50
1	0.954545	0.750000	4.500000	50
2	0.931818	0.750000	4.500000	50
3	0.909091	0.750000	4.500000	50
4	0.900350	0.750000	4.500000	50
0	0.692308	1.000000	4.500000	50
1	0.954545	1.000000	4.500000	50
2	0.931818	1.000000	4.500000	50
3	0.909091	1.000000	4.500000	50
4	0.900350	1.000000	4.500000	50
0	0.692308	1.500000	4.500000	50
1	0.954545	1.500000	4.500000	50
2	0.931818	1.500000	4.500000	50
3	0.909091	1.500000	4.500000	50
4	0.900350	1.500000	4.500000	50
0	0.692308	2.000000	4.500000	50
1	0.954545	2.000000	4.500000	50
2	0.931818	2.000000	4.500000	50
3	0.909091	2.000000	4.500000	50
4	0.900350	2.000000	4.500000	50
0	0.692308	2.500000	4.500000	50
1	0.954545	2.500000	4.500000	50
2	0.931818	2.500000	4.500000	50
3	0.909091	2.500000	4.500000	50
4	0.900350	2.500000	4.500000	50
0	0.692308	3.000000	4.500000	50
1	0.954545	3.000000	4.500000	50
2	0.931818	3.000000	4.500000	50
3	0.909091	3.000000	4.500000	50
4	0.900350	3.000000	4.500000	50
0	0.692308	3.500000	4.500000	50
1	0.954545	3.500000	4.500000	50
2	0.931818	3.500000	4.500000	50
3	0.909091	3.500000	4.500000	50
4	0.900350	3.500000	4.500000	50
0	0.692308	4.000000	4.500000	50
1	0.954545	4.000000	4.500000	50
2	0.931818	4.000000	4.500000	50
3	0.909091	4.000000	4.500000	50
4	0.900350	4.000000	4.500000	50
0	0.692308	6.000000	4.500000	50
1	0.954545	6.000000	4.500000	50
2	0.931818	6.000000	4.500000	50
3	0.909091	6.000000	4.500000	50
4	0.900350	6.000000	4.500000	50
0	0.900350	0.100000	2.250000	100
1	1.000000	0.100000	2.250000	100
2	0.931818	0.100000	2.250000	100
3	0.870629	0.100000	2.250000	100
4	0.867716	0.100000	2.250000	100
0	0.900350	0.250000	2.250000	100
1	1.000000	0.250000	2.250000	100
2	0.931818	0.250000	2.250000	100
3	0.870629	0.250000	2.250000	100
4	0.867716	0.250000	2.250000	100
0	0.900350	0.500000	2.250000	100
1	1.000000	0.500000	2.250000	100
2	0.931818	0.500000	2.250000	100
3	0.870629	0.500000	2.250000	100
4	0.867716	0.500000	2.250000	100
0	0.900350	0.750000	2.250000	100
1	1.000000	0.750000	2.250000	100
2	0.931818	0.750000	2.250000	100
3	0.870629	0.750000	2.250000	100
4	0.867716	0.750000	2.250000	100
0	0.900350	1.000000	2.250000	100
1	1.000000	1.000000	2.250000	100
2	0.931818	1.000000	2.250000	100
3	0.870629	1.000000	2.250000	100
4	0.867716	1.000000	2.250000	100
0	0.900350	1.500000	2.250000	100
1	1.000000	1.500000	2.250000	100
2	0.931818	1.500000	2.250000	100
3	0.870629	1.500000	2.250000	100
4	0.867716	1.500000	2.250000	100
0	0.900350	2.000000	2.250000	100
1	1.000000	2.000000	2.250000	100
2	0.931818	2.000000	2.250000	100
3	0.870629	2.000000	2.250000	100
4	0.867716	2.000000	2.250000	100
0	0.900350	2.500000	2.250000	100
1	1.000000	2.500000	2.250000	100
2	0.931818	2.500000	2.250000	100
3	0.870629	2.500000	2.250000	100
4	0.867716	2.500000	2.250000	100
0	0.900350	3.000000	2.250000	100
1	1.000000	3.000000	2.250000	100
2	0.931818	3.000000	2.250000	100
3	0.870629	3.000000	2.250000	100
4	0.867716	3.000000	2.250000	100
0	0.900350	3.500000	2.250000	100
1	1.000000	3.500000	2.250000	100
2	0.931818	3.500000	2.250000	100
3	0.870629	3.500000	2.250000	100
4	0.867716	3.500000	2.250000	100
0	0.900350	4.000000	2.250000	100
1	1.000000	4.000000	2.250000	100
2	0.931818	4.000000	2.250000	100
3	0.870629	4.000000	2.250000	100
4	0.867716	4.000000	2.250000	100
0	0.900350	6.000000	2.250000	100
1	1.000000	6.000000	2.250000	100
2	0.931818	6.000000	2.250000	100
3	0.870629	6.000000	2.250000	100
4	0.867716	6.000000	2.250000	100
0	0.582168	0.100000	0.450000	500
1	0.636364	0.100000	0.450000	500
2	0.659091	0.100000	0.450000	500
3	0.607809	0.100000	0.450000	500
4	0.656177	0.100000	0.450000	500
0	0.582168	0.250000	0.450000	500
1	0.636364	0.250000	0.450000	500
2	0.659091	0.250000	0.450000	500
3	0.607809	0.250000	0.450000	500
4	0.656177	0.250000	0.450000	500
0	0.582168	0.500000	0.450000	500
1	0.636364	0.500000	0.450000	500
2	0.659091	0.500000	0.450000	500
3	0.607809	0.500000	0.450000	500
4	0.656177	0.500000	0.450000	500
0	0.582168	0.750000	0.450000	500
1	0.636364	0.750000	0.450000	500
2	0.659091	0.750000	0.450000	500
3	0.607809	0.750000	0.450000	500
4	0.656177	0.750000	0.450000	500
0	0.582168	1.000000	0.450000	500
1	0.636364	1.000000	0.450000	500
2	0.659091	1.000000	0.450000	500
3	0.607809	1.000000	0.450000	500
4	0.656177	1.000000	0.450000	500
0	0.582168	1.500000	0.450000	500
1	0.636364	1.500000	0.450000	500
2	0.659091	1.500000	0.450000	500
3	0.607809	1.500000	0.450000	500
4	0.656177	1.500000	0.450000	500
0	0.582168	2.000000	0.450000	500
1	0.636364	2.000000	0.450000	500
2	0.659091	2.000000	0.450000	500
3	0.607809	2.000000	0.450000	500
4	0.656177	2.000000	0.450000	500
0	0.582168	2.500000	0.450000	500
1	0.636364	2.500000	0.450000	500
2	0.659091	2.500000	0.450000	500
3	0.607809	2.500000	0.450000	500
4	0.656177	2.500000	0.450000	500
0	0.582168	3.000000	0.450000	500
1	0.636364	3.000000	0.450000	500
2	0.659091	3.000000	0.450000	500
3	0.607809	3.000000	0.450000	500
4	0.656177	3.000000	0.450000	500
0	0.582168	3.500000	0.450000	500
1	0.636364	3.500000	0.450000	500
2	0.659091	3.500000	0.450000	500
3	0.607809	3.500000	0.450000	500
4	0.656177	3.500000	0.450000	500
0	0.582168	4.000000	0.450000	500
1	0.636364	4.000000	0.450000	500
2	0.659091	4.000000	0.450000	500
3	0.607809	4.000000	0.450000	500
4	0.656177	4.000000	0.450000	500
0	0.582168	6.000000	0.450000	500
1	0.636364	6.000000	0.450000	500
2	0.659091	6.000000	0.450000	500
3	0.607809	6.000000	0.450000	500
4	0.656177	6.000000	0.450000	500
