0	0.864802	0.100000	20.000000	10
1	0.954545	0.100000	20.000000	10
2	0.954545	0.100000	20.000000	10
3	0.769231	0.100000	20.000000	10
4	0.923077	0.100000	20.000000	10
0	0.692308	0.250000	20.000000	10
1	1.000000	0.250000	20.000000	10
2	0.954545	0.250000	20.000000	10
3	0.769231	0.250000	20.000000	10
4	0.923077	0.250000	20.000000	10
0	0.692308	0.500000	20.000000	10
1	0.954545	0.500000	20.000000	10
2	0.931818	0.500000	20.000000	10
3	0.769231	0.500000	20.000000	10
4	0.890443	0.500000	20.000000	10
0	0.692308	0.750000	20.000000	10
1	0.931818	0.750000	20.000000	10
2	1.000000	0.750000	20.000000	10
3	0.769231	0.750000	20.000000	10
4	0.923077	0.750000	20.000000	10
0	0.692308	1.000000	20.000000	10
1	0.954545	1.000000	20.000000	10
2	1.000000	1.000000	20.000000	10
3	0.769231	1.000000	20.000000	10
4	0.923077	1.000000	20.000000	10
0	0.851981	1.500000	20.000000	10
1	0.863636	1.500000	20.000000	10
2	1.000000	1.500000	20.000000	10
3	0.769231	1.500000	20.000000	10
4	0.923077	1.500000	20.000000	10
0	0.851981	2.000000	20.000000	10
1	0.954545	2.000000	20.000000	10
2	0.886364	2.000000	20.000000	10
3	0.867716	2.000000	20.000000	10
4	0.923077	2.000000	20.000000	10
0	0.851981	2.500000	20.000000	10
1	1.000000	2.500000	20.000000	10
2	0.931818	2.500000	20.000000	10
3	0.769231	2.500000	20.000000	10
4	0.923077	2.500000	20.000000	10
0	0.851981	3.000000	20.000000	10
1	1.000000	3.000000	20.000000	10
2	1.000000	3.000000	20.000000	10
3	0.928904	3.000000	20.000000	10
4	0.923077	3.000000	20.000000	10
0	0.851981	3.500000	20.000000	10
1	1.000000	3.500000	20.000000	10
2	1.000000	3.500000	20.000000	10
3	0.867716	3.500000	20.000000	10
4	0.877622	3.500000	20.000000	10
0	0.851981	4.000000	20.000000	10
1	1.000000	4.000000	20.000000	10
2	1.000000	4.000000	20.000000	10
3	0.900350	4.000000	20.000000	10
4	0.923077	4.000000	20.000000	10
0	0.851981	6.000000	20.000000	10
1	1.000000	6.000000	20.000000	10
2	1.000000	6.000000	20.000000	10
3	0.769231	6.000000	20.000000	10
4	0.923077	6.000000	20.000000	10
0	0.692308	0.100000	6.666667	30
1	0.954545	0.100000	6.666667	30
2	1.000000	0.100000	6.666667	30
3	0.769231	0.100000	6.666667	30
4	0.923077	0.100000	6.666667	30
0	0.692308	0.250000	6.666667	30
1	0.909091	0.250000	6.666667	30
2	1.000000	0.250000	6.666667	30
3	0.941725	0.250000	6.666667	30
4	0.906177	0.250000	6.666667	30
0	0.692308	0.500000	6.666667	30
1	0.954545	0.500000	6.666667	30
2	0.977273	0.500000	6.666667	30
3	0.769231	0.500000	6.666667	30
4	0.896270	0.500000	6.666667	30
0	0.692308	0.750000	6.666667	30
1	0.931818	0.750000	6.666667	30
2	1.000000	0.750000	6.666667	30
3	0.769231	0.750000	6.666667	30
4	0.880536	0.750000	6.666667	30
0	0.692308	1.000000	6.666667	30
1	0.931818	1.000000	6.666667	30
2	1.000000	1.000000	6.666667	30
3	0.769231	1.000000	6.666667	30
4	0.883450	1.000000	6.666667	30
0	0.692308	1.500000	6.666667	30
1	0.931818	1.500000	6.666667	30
2	1.000000	1.500000	6.666667	30
3	0.769231	1.500000	6.666667	30
4	0.923077	1.500000	6.666667	30
0	0.692308	2.000000	6.666667	30
1	0.931818	2.000000	6.666667	30
2	1.000000	2.000000	6.666667	30
3	0.769231	2.000000	6.666667	30
4	0.923077	2.000000	6.666667	30
0	0.692308	2.500000	6.666667	30
1	0.931818	2.500000	6.666667	30
2	1.000000	2.500000	6.666667	30
3	0.769231	2.500000	6.666667	30
4	0.923077	2.500000	6.666667	30
0	0.692308	3.000000	6.666667	30
1	0.931818	3.000000	6.666667	30
2	1.000000	3.000000	6.666667	30
3	0.769231	3.000000	6.666667	30
4	0.923077	3.000000	6.666667	30
0	0.692308	3.500000	6.666667	30
1	0.931818	3.500000	6.666667	30
2	1.000000	3.500000	6.666667	30
3	0.769231	3.500000	6.666667	30
4	0.923077	3.500000	6.666667	30
0	0.692308	4.000000	6.666667	30
1	0.931818	4.000000	6.666667	30
2	1.000000	4.000000	6.666667	30
3	0.769231	4.000000	6.666667	30
4	0.923077	4.000000	6.666667	30
0	0.692308	6.000000	6.666667	30
1	0.931818	6.000000	6.666667	30
2	1.000000	6.000000	6.666667	30
3	0.769231	6.000000	6.666667	30
4	0.923077	6.000000	6.666667	30
0	0.692308	0.100000	4.000000	50
1	0.954545	0.100000	4.000000	50
2	0.886364	0.100000	4.000000	50
3	0.835082	0.100000	4.000000	50
4	0.860723	0.100000	4.000000	50
0	0.692308	0.250000	4.000000	50
1	1.000000	0.250000	4.000000	50
2	0.954545	0.250000	4.000000	50
3	0.916084	0.250000	4.000000	50
4	0.913170	0.250000	4.000000	50
0	0.692308	0.500000	4.000000	50
1	1.000000	0.500000	4.000000	50
2	0.954545	0.500000	4.000000	50
3	0.916084	0.500000	4.000000	50
4	0.854895	0.500000	4.000000	50
0	0.692308	0.750000	4.000000	50
1	1.000000	0.750000	4.000000	50
2	0.954545	0.750000	4.000000	50
3	0.916084	0.750000	4.000000	50
4	0.837995	0.750000	4.000000	50
0	0.692308	1.000000	4.000000	50
1	1.000000	1.000000	4.000000	50
2	0.954545	1.000000	4.000000	50
3	0.916084	1.000000	4.000000	50
4	0.837995	1.000000	4.000000	50
0	0.692308	1.500000	4.000000	50
1	1.000000	1.500000	4.000000	50
2	0.954545	1.500000	4.000000	50
3	0.916084	1.500000	4.000000	50
4	0.837995	1.500000	4.000000	50
0	0.692308	2.000000	4.000000	50
1	1.000000	2.000000	4.000000	50
2	0.954545	2.000000	4.000000	50
3	0.916084	2.000000	4.000000	50
4	0.837995	2.000000	4.000000	50
0	0.692308	2.500000	4.000000	50
1	1.000000	2.500000	4.000000	50
2	0.954545	2.500000	4.000000	50
3	0.916084	2.500000	4.000000	50
4	0.837995	2.500000	4.000000	50
0	0.692308	3.000000	4.000000	50
1	1.000000	3.000000	4.000000	50
2	0.954545	3.000000	4.000000	50
3	0.916084	3.000000	4.000000	50
4	0.837995	3.000000	4.000000	50
0	0.692308	3.500000	4.000000	50
1	1.000000	3.500000	4.000000	50
2	0.954545	3.500000	4.000000	50
3	0.916084	3.500000	4.000000	50
4	0.837995	3.500000	4.000000	50
0	0.692308	4.000000	4.000000	50
1	1.000000	4.000000	4.000000	50
2	0.954545	4.000000	4.000000	50
3	0.916084	4.000000	4.000000	50
4	0.837995	4.000000	4.000000	50
0	0.692308	6.000000	4.000000	50
1	1.000000	6.000000	4.000000	50
2	0.954545	6.000000	4.000000	50
3	0.916084	6.000000	4.000000	50
4	0.837995	6.000000	4.000000	50
0	0.900350	0.100000	2.000000	100
1	1.000000	0.100000	2.000000	100
2	0.886364	0.100000	2.000000	100
3	0.873543	0.100000	2.000000	100
4	0.844988	0.100000	2.000000	100
0	0.900350	0.250000	2.000000	100
1	1.000000	0.250000	2.000000	100
2	0.886364	0.250000	2.000000	100
3	0.873543	0.250000	2.000000	100
4	0.844988	0.250000	2.000000	100
0	0.900350	0.500000	2.000000	100
1	1.000000	0.500000	2.000000	100
2	0.886364	0.500000	2.000000	100
3	0.873543	0.500000	2.000000	100
4	0.844988	0.500000	2.000000	100
0	0.900350	0.750000	2.000000	100
1	1.000000	0.750000	2.000000	100
2	0.886364	0.750000	2.000000	100
3	0.873543	0.750000	2.000000	100
4	0.844988	0.750000	2.000000	100
0	0.900350	1.000000	2.000000	100
1	1.000000	1.000000	2.000000	100
2	0.886364	1.000000	2.000000	100
3	0.873543	1.000000	2.000000	100
4	0.844988	1.000000	2.000000	100
0	0.900350	1.500000	2.000000	100
1	1.000000	1.500000	2.000000	100
2	0.886364	1.500000	2.000000	100
3	0.873543	1.500000	2.000000	100
4	0.844988	1.500000	2.000000	100
0	0.900350	2.000000	2.000000	100
1	1.000000	2.000000	2.000000	100
2	0.886364	2.000000	2.000000	100
3	0.873543	2.000000	2.000000	100
4	0.844988	2.000000	2.000000	100
0	0.900350	2.500000	2.000000	100
1	1.000000	2.500000	2.000000	100
2	0.886364	2.500000	2.000000	100
3	0.873543	2.500000	2.000000	100
4	0.844988	2.500000	2.000000	100
0	0.900350	3.000000	2.000000	100
1	1.000000	3.000000	2.000000	100
2	0.886364	3.000000	2.000000	100
3	0.873543	3.000000	2.000000	100
4	0.844988	3.000000	2.000000	100
0	0.900350	3.500000	2.000000	100
1	1.000000	3.500000	2.000000	100
2	0.886364	3.500000	2.000000	100
3	0.873543	3.500000	2.000000	100
4	0.844988	3.500000	2.000000	100
0	0.900350	4.000000	2.000000	100
1	1.000000	4.000000	2.000000	100
2	0.886364	4.000000	2.000000	100
3	0.873543	4.000000	2.000000	100
4	0.844988	4.000000	2.000000	100
0	0.900350	6.000000	2.000000	100
1	1.000000	6.000000	2.000000	100
2	0.886364	6.000000	2.000000	100
3	0.873543	6.000000	2.000000	100
4	0.844988	6.000000	2.000000	100
0	0.582168	0.100000	0.400000	500
1	0.636364	0.100000	0.400000	500
2	0.659091	0.100000	0.400000	500
3	0.607809	0.100000	0.400000	500
4	0.656177	0.100000	0.400000	500
0	0.582168	0.250000	0.400000	500
1	0.636364	0.250000	0.400000	500
2	0.659091	0.250000	0.400000	500
3	0.607809	0.250000	0.400000	500
4	0.656177	0.250000	0.400000	500
0	0.582168	0.500000	0.400000	500
1	0.636364	0.500000	0.400000	500
2	0.659091	0.500000	0.400000	500
3	0.607809	0.500000	0.400000	500
4	0.656177	0.500000	0.400000	500
0	0.582168	0.750000	0.400000	500
1	0.636364	0.750000	0.400000	500
2	0.659091	0.750000	0.400000	500
3	0.607809	0.750000	0.400000	500
4	0.656177	0.750000	0.400000	500
0	0.582168	1.000000	0.400000	500
1	0.636364	1.000000	0.400000	500
2	0.659091	1.000000	0.400000	500
3	0.607809	1.000000	0.400000	500
4	0.656177	1.000000	0.400000	500
0	0.582168	1.500000	0.400000	500
1	0.636364	1.500000	0.400000	500
2	0.659091	1.500000	0.400000	500
3	0.607809	1.500000	0.400000	500
4	0.656177	1.500000	0.400000	500
0	0.582168	2.000000	0.400000	500
1	0.636364	2.000000	0.400000	500
2	0.659091	2.000000	0.400000	500
3	0.607809	2.000000	0.400000	500
4	0.656177	2.000000	0.400000	500
0	0.582168	2.500000	0.400000	500
1	0.636364	2.500000	0.400000	500
2	0.659091	2.500000	0.400000	500
3	0.607809	2.500000	0.400000	500
4	0.656177	2.500000	0.400000	500
0	0.582168	3.000000	0.400000	500
1	0.636364	3.000000	0.400000	500
2	0.659091	3.000000	0.400000	500
3	0.607809	3.000000	0.400000	500
4	0.656177	3.000000	0.400000	500
0	0.582168	3.500000	0.400000	500
1	0.636364	3.500000	0.400000	500
2	0.659091	3.500000	0.400000	500
3	0.607809	3.500000	0.400000	500
4	0.656177	3.500000	0.400000	500
0	0.582168	4.000000	0.400000	500
1	0.636364	4.000000	0.400000	500
2	0.659091	4.000000	0.400000	500
3	0.607809	4.000000	0.400000	500
4	0.656177	4.000000	0.400000	500
0	0.582168	6.000000	0.400000	500
1	0.636364	6.000000	0.400000	500
2	0.659091	6.000000	0.400000	500
3	0.607809	6.000000	0.400000	500
4	0.656177	6.000000	0.400000	500
