0	0.926471	0.100000	5.000000	10
1	0.848739	0.100000	5.000000	10
2	0.855882	0.100000	5.000000	10
3	0.763025	0.100000	5.000000	10
4	0.863445	0.100000	5.000000	10
0	0.926471	0.250000	5.000000	10
1	0.848739	0.250000	5.000000	10
2	0.756723	0.250000	5.000000	10
3	0.812605	0.250000	5.000000	10
4	0.768487	0.250000	5.000000	10
0	0.926471	0.500000	5.000000	10
1	0.848739	0.500000	5.000000	10
2	0.756723	0.500000	5.000000	10
3	0.812605	0.500000	5.000000	10
4	0.870168	0.500000	5.000000	10
0	0.926471	0.750000	5.000000	10
1	0.848739	0.750000	5.000000	10
2	0.756723	0.750000	5.000000	10
3	0.812605	0.750000	5.000000	10
4	0.870168	0.750000	5.000000	10
0	0.926471	1.000000	5.000000	10
1	0.848739	1.000000	5.000000	10
2	0.756723	1.000000	5.000000	10
3	0.812605	1.000000	5.000000	10
4	0.870168	1.000000	5.000000	10
0	0.926471	1.500000	5.000000	10
1	0.848739	1.500000	5.000000	10
2	0.756723	1.500000	5.000000	10
3	0.812605	1.500000	5.000000	10
4	0.870168	1.500000	5.000000	10
0	0.926471	2.000000	5.000000	10
1	0.848739	2.000000	5.000000	10
2	0.756723	2.000000	5.000000	10
3	0.812605	2.000000	5.000000	10
4	0.870168	2.000000	5.000000	10
0	0.926471	2.500000	5.000000	10
1	0.848739	2.500000	5.000000	10
2	0.756723	2.500000	5.000000	10
3	0.812605	2.500000	5.000000	10
4	0.870168	2.500000	5.000000	10
0	0.926471	3.000000	5.000000	10
1	0.848739	3.000000	5.000000	10
2	0.756723	3.000000	5.000000	10
3	0.812605	3.000000	5.000000	10
4	0.870168	3.000000	5.000000	10
0	0.926471	3.500000	5.000000	10
1	0.848739	3.500000	5.000000	10
2	0.756723	3.500000	5.000000	10
3	0.812605	3.500000	5.000000	10
4	0.870168	3.500000	5.000000	10
0	0.926471	4.000000	5.000000	10
1	0.848739	4.000000	5.000000	10
2	0.756723	4.000000	5.000000	10
3	0.812605	4.000000	5.000000	10
4	0.870168	4.000000	5.000000	10
0	0.926471	6.000000	5.000000	10
1	0.848739	6.000000	5.000000	10
2	0.756723	6.000000	5.000000	10
3	0.812605	6.000000	5.000000	10
4	0.870168	6.000000	5.000000	10
0	0.926471	0.100000	1.666667	30
1	0.892017	0.100000	1.666667	30
2	0.782353	0.100000	1.666667	30
3	0.730672	0.100000	1.666667	30
4	0.797059	0.100000	1.666667	30
0	0.926471	0.250000	1.666667	30
1	0.892017	0.250000	1.666667	30
2	0.782353	0.250000	1.666667	30
3	0.730672	0.250000	1.666667	30
4	0.797059	0.250000	1.666667	30
0	0.926471	0.500000	1.666667	30
1	0.892017	0.500000	1.666667	30
2	0.782353	0.500000	1.666667	30
3	0.730672	0.500000	1.666667	30
4	0.797059	0.500000	1.666667	30
0	0.926471	0.750000	1.666667	30
1	0.892017	0.750000	1.666667	30
2	0.782353	0.750000	1.666667	30
3	0.730672	0.750000	1.666667	30
4	0.797059	0.750000	1.666667	30
0	0.926471	1.000000	1.666667	30
1	0.892017	1.000000	1.666667	30
2	0.782353	1.000000	1.666667	30
3	0.730672	1.000000	1.666667	30
4	0.797059	1.000000	1.666667	30
0	0.926471	1.500000	1.666667	30
1	0.892017	1.500000	1.666667	30
2	0.782353	1.500000	1.666667	30
3	0.730672	1.500000	1.666667	30
4	0.797059	1.500000	1.666667	30
0	0.926471	2.000000	1.666667	30
1	0.892017	2.000000	1.666667	30
2	0.782353	2.000000	1.666667	30
3	0.730672	2.000000	1.666667	30
4	0.797059	2.000000	1.666667	30
0	0.926471	2.500000	1.666667	30
1	0.892017	2.500000	1.666667	30
2	0.782353	2.500000	1.666667	30
3	0.730672	2.500000	1.666667	30
4	0.797059	2.500000	1.666667	30
0	0.926471	3.000000	1.666667	30
1	0.892017	3.000000	1.666667	30
2	0.782353	3.000000	1.666667	30
3	0.730672	3.000000	1.666667	30
4	0.797059	3.000000	1.666667	30
0	0.926471	3.500000	1.666667	30
1	0.892017	3.500000	1.666667	30
2	0.782353	3.500000	1.666667	30
3	0.730672	3.500000	1.666667	30
4	0.797059	3.500000	1.666667	30
0	0.926471	4.000000	1.666667	30
1	0.892017	4.000000	1.666667	30
2	0.782353	4.000000	1.666667	30
3	0.730672	4.000000	1.666667	30
4	0.797059	4.000000	1.666667	30
0	0.926471	6.000000	1.666667	30
1	0.892017	6.000000	1.666667	30
2	0.782353	6.000000	1.666667	30
3	0.730672	6.000000	1.666667	30
4	0.797059	6.000000	1.666667	30
0	0.602941	0.100000	1.000000	50
1	0.524370	0.100000	1.000000	50
2	0.488235	0.100000	1.000000	50
3	0.524790	0.100000	1.000000	50
4	0.488655	0.100000	1.000000	50
0	0.602941	0.250000	1.000000	50
1	0.524370	0.250000	1.000000	50
2	0.488235	0.250000	1.000000	50
3	0.524790	0.250000	1.000000	50
4	0.488655	0.250000	1.000000	50
0	0.602941	0.500000	1.000000	50
1	0.524370	0.500000	1.000000	50
2	0.488235	0.500000	1.000000	50
3	0.524790	0.500000	1.000000	50
4	0.488655	0.500000	1.000000	50
0	0.602941	0.750000	1.000000	50
1	0.524370	0.750000	1.000000	50
2	0.488235	0.750000	1.000000	50
3	0.524790	0.750000	1.000000	50
4	0.488655	0.750000	1.000000	50
0	0.602941	1.000000	1.000000	50
1	0.524370	1.000000	1.000000	50
2	0.488235	1.000000	1.000000	50
3	0.524790	1.000000	1.000000	50
4	0.488655	1.000000	1.000000	50
0	0.602941	1.500000	1.000000	50
1	0.524370	1.500000	1.000000	50
2	0.488235	1.500000	1.000000	50
3	0.524790	1.500000	1.000000	50
4	0.488655	1.500000	1.000000	50
0	0.602941	2.000000	1.000000	50
1	0.524370	2.000000	1.000000	50
2	0.488235	2.000000	1.000000	50
3	0.524790	2.000000	1.000000	50
4	0.488655	2.000000	1.000000	50
0	0.602941	2.500000	1.000000	50
1	0.524370	2.500000	1.000000	50
2	0.488235	2.500000	1.000000	50
3	0.524790	2.500000	1.000000	50
4	0.488655	2.500000	1.000000	50
0	0.602941	3.000000	1.000000	50
1	0.524370	3.000000	1.000000	50
2	0.488235	3.000000	1.000000	50
3	0.524790	3.000000	1.000000	50
4	0.488655	3.000000	1.000000	50
0	0.602941	3.500000	1.000000	50
1	0.524370	3.500000	1.000000	50
2	0.488235	3.500000	1.000000	50
3	0.524790	3.500000	1.000000	50
4	0.488655	3.500000	1.000000	50
0	0.602941	4.000000	1.000000	50
1	0.524370	4.000000	1.000000	50
2	0.488235	4.000000	1.000000	50
3	0.524790	4.000000	1.000000	50
4	0.488655	4.000000	1.000000	50
0	0.602941	6.000000	1.000000	50
1	0.524370	6.000000	1.000000	50
2	0.488235	6.000000	1.000000	50
3	0.524790	6.000000	1.000000	50
4	0.488655	6.000000	1.000000	50
0	0.602941	0.100000	0.500000	100
1	0.524370	0.100000	0.500000	100
2	0.518067	0.100000	0.500000	100
3	0.496218	0.100000	0.500000	100
4	0.510504	0.100000	0.500000	100
0	0.602941	0.250000	0.500000	100
1	0.524370	0.250000	0.500000	100
2	0.518067	0.250000	0.500000	100
3	0.496218	0.250000	0.500000	100
4	0.510504	0.250000	0.500000	100
0	0.602941	0.500000	0.500000	100
1	0.524370	0.500000	0.500000	100
2	0.518067	0.500000	0.500000	100
3	0.496218	0.500000	0.500000	100
4	0.510504	0.500000	0.500000	100
0	0.602941	0.750000	0.500000	100
1	0.524370	0.750000	0.500000	100
2	0.518067	0.750000	0.500000	100
3	0.496218	0.750000	0.500000	100
4	0.510504	0.750000	0.500000	100
0	0.602941	1.000000	0.500000	100
1	0.524370	1.000000	0.500000	100
2	0.518067	1.000000	0.500000	100
3	0.496218	1.000000	0.500000	100
4	0.510504	1.000000	0.500000	100
0	0.602941	1.500000	0.500000	100
1	0.524370	1.500000	0.500000	100
2	0.518067	1.500000	0.500000	100
3	0.496218	1.500000	0.500000	100
4	0.510504	1.500000	0.500000	100
0	0.602941	2.000000	0.500000	100
1	0.524370	2.000000	0.500000	100
2	0.518067	2.000000	0.500000	100
3	0.496218	2.000000	0.500000	100
4	0.510504	2.000000	0.500000	100
0	0.602941	2.500000	0.500000	100
1	0.524370	2.500000	0.500000	100
2	0.518067	2.500000	0.500000	100
3	0.496218	2.500000	0.500000	100
4	0.510504	2.500000	0.500000	100
0	0.602941	3.000000	0.500000	100
1	0.524370	3.000000	0.500000	100
2	0.518067	3.000000	0.500000	100
3	0.496218	3.000000	0.500000	100
4	0.510504	3.000000	0.500000	100
0	0.602941	3.500000	0.500000	100
1	0.524370	3.500000	0.500000	100
2	0.518067	3.500000	0.500000	100
3	0.496218	3.500000	0.500000	100
4	0.510504	3.500000	0.500000	100
0	0.602941	4.000000	0.500000	100
1	0.524370	4.000000	0.500000	100
2	0.518067	4.000000	0.500000	100
3	0.496218	4.000000	0.500000	100
4	0.510504	4.000000	0.500000	100
0	0.602941	6.000000	0.500000	100
1	0.524370	6.000000	0.500000	100
2	0.518067	6.000000	0.500000	100
3	0.496218	6.000000	0.500000	100
4	0.510504	6.000000	0.500000	100
0	0.632353	0.100000	0.100000	500
1	0.589916	0.100000	0.100000	500
2	0.539076	0.100000	0.100000	500
3	0.546639	0.100000	0.100000	500
4	0.553782	0.100000	0.100000	500
0	0.632353	0.250000	0.100000	500
1	0.589916	0.250000	0.100000	500
2	0.539076	0.250000	0.100000	500
3	0.546639	0.250000	0.100000	500
4	0.553782	0.250000	0.100000	500
0	0.632353	0.500000	0.100000	500
1	0.589916	0.500000	0.100000	500
2	0.539076	0.500000	0.100000	500
3	0.546639	0.500000	0.100000	500
4	0.553782	0.500000	0.100000	500
0	0.632353	0.750000	0.100000	500
1	0.589916	0.750000	0.100000	500
2	0.539076	0.750000	0.100000	500
3	0.546639	0.750000	0.100000	500
4	0.553782	0.750000	0.100000	500
0	0.632353	1.000000	0.100000	500
1	0.589916	1.000000	0.100000	500
2	0.539076	1.000000	0.100000	500
3	0.546639	1.000000	0.100000	500
4	0.553782	1.000000	0.100000	500
0	0.632353	1.500000	0.100000	500
1	0.589916	1.500000	0.100000	500
2	0.539076	1.500000	0.100000	500
3	0.546639	1.500000	0.100000	500
4	0.553782	1.500000	0.100000	500
0	0.632353	2.000000	0.100000	500
1	0.589916	2.000000	0.100000	500
2	0.539076	2.000000	0.100000	500
3	0.546639	2.000000	0.100000	500
4	0.553782	2.000000	0.100000	500
0	0.632353	2.500000	0.100000	500
1	0.589916	2.500000	0.100000	500
2	0.539076	2.500000	0.100000	500
3	0.546639	2.500000	0.100000	500
4	0.553782	2.500000	0.100000	500
0	0.632353	3.000000	0.100000	500
1	0.589916	3.000000	0.100000	500
2	0.539076	3.000000	0.100000	500
3	0.546639	3.000000	0.100000	500
4	0.553782	3.000000	0.100000	500
0	0.632353	3.500000	0.100000	500
1	0.589916	3.500000	0.100000	500
2	0.539076	3.500000	0.100000	500
3	0.546639	3.500000	0.100000	500
4	0.553782	3.500000	0.100000	500
0	0.632353	4.000000	0.100000	500
1	0.589916	4.000000	0.100000	500
2	0.539076	4.000000	0.100000	500
3	0.546639	4.000000	0.100000	500
4	0.553782	4.000000	0.100000	500
0	0.632353	6.000000	0.100000	500
1	0.589916	6.000000	0.100000	500
2	0.539076	6.000000	0.100000	500
3	0.546639	6.000000	0.100000	500
4	0.553782	6.000000	0.100000	500
