0	0.970588	0.100000	22.500000	10
1	0.905882	0.100000	22.500000	10
2	0.863445	0.100000	22.500000	10
3	0.856303	0.100000	22.500000	10
4	0.848739	0.100000	22.500000	10
0	0.955882	0.250000	22.500000	10
1	0.913025	0.250000	22.500000	10
2	0.819748	0.250000	22.500000	10
3	0.856303	0.250000	22.500000	10
4	0.877311	0.250000	22.500000	10
0	0.970588	0.500000	22.500000	10
1	0.877311	0.500000	22.500000	10
2	0.870168	0.500000	22.500000	10
3	0.834454	0.500000	22.500000	10
4	0.841597	0.500000	22.500000	10
0	0.970588	0.750000	22.500000	10
1	0.863025	0.750000	22.500000	10
2	0.842017	0.750000	22.500000	10
3	0.813025	0.750000	22.500000	10
4	0.813866	0.750000	22.500000	10
0	0.970588	1.000000	22.500000	10
1	0.870588	1.000000	22.500000	10
2	0.841176	1.000000	22.500000	10
3	0.805882	1.000000	22.500000	10
4	0.812185	1.000000	22.500000	10
0	0.970588	1.500000	22.500000	10
1	0.870588	1.500000	22.500000	10
2	0.806303	1.500000	22.500000	10
3	0.806303	1.500000	22.500000	10
4	0.805882	1.500000	22.500000	10
0	0.970588	2.000000	22.500000	10
1	0.870588	2.000000	22.500000	10
2	0.834874	2.000000	22.500000	10
3	0.841597	2.000000	22.500000	10
4	0.834874	2.000000	22.500000	10
0	0.970588	2.500000	22.500000	10
1	0.870588	2.500000	22.500000	10
2	0.834874	2.500000	22.500000	10
3	0.791176	2.500000	22.500000	10
4	0.781513	2.500000	22.500000	10
0	0.970588	3.000000	22.500000	10
1	0.870588	3.000000	22.500000	10
2	0.834874	3.000000	22.500000	10
3	0.863866	3.000000	22.500000	10
4	0.827311	3.000000	22.500000	10
0	0.970588	3.500000	22.500000	10
1	0.870588	3.500000	22.500000	10
2	0.834874	3.500000	22.500000	10
3	0.755882	3.500000	22.500000	10
4	0.840756	3.500000	22.500000	10
0	0.970588	4.000000	22.500000	10
1	0.870588	4.000000	22.500000	10
2	0.834874	4.000000	22.500000	10
3	0.755882	4.000000	22.500000	10
4	0.877311	4.000000	22.500000	10
0	0.970588	6.000000	22.500000	10
1	0.870588	6.000000	22.500000	10
2	0.834874	6.000000	22.500000	10
3	0.755882	6.000000	22.500000	10
4	0.870168	6.000000	22.500000	10
0	0.955882	0.100000	7.500000	30
1	0.884454	0.100000	7.500000	30
2	0.806303	0.100000	7.500000	30
3	0.776891	0.100000	7.500000	30
4	0.820168	0.100000	7.500000	30
0	0.955882	0.250000	7.500000	30
1	0.891597	0.250000	7.500000	30
2	0.812605	0.250000	7.500000	30
3	0.811345	0.250000	7.500000	30
4	0.769328	0.250000	7.500000	30
0	0.955882	0.500000	7.500000	30
1	0.884034	0.500000	7.500000	30
2	0.805462	0.500000	7.500000	30
3	0.768908	0.500000	7.500000	30
4	0.876471	0.500000	7.500000	30
0	0.955882	0.750000	7.500000	30
1	0.884034	0.750000	7.500000	30
2	0.813866	0.750000	7.500000	30
3	0.762185	0.750000	7.500000	30
4	0.876891	0.750000	7.500000	30
0	0.955882	1.000000	7.500000	30
1	0.884034	1.000000	7.500000	30
2	0.813866	1.000000	7.500000	30
3	0.762185	1.000000	7.500000	30
4	0.781933	1.000000	7.500000	30
0	0.955882	1.500000	7.500000	30
1	0.884034	1.500000	7.500000	30
2	0.813866	1.500000	7.500000	30
3	0.762185	1.500000	7.500000	30
4	0.781933	1.500000	7.500000	30
0	0.955882	2.000000	7.500000	30
1	0.884034	2.000000	7.500000	30
2	0.813866	2.000000	7.500000	30
3	0.762185	2.000000	7.500000	30
4	0.781933	2.000000	7.500000	30
0	0.955882	2.500000	7.500000	30
1	0.884034	2.500000	7.500000	30
2	0.813866	2.500000	7.500000	30
3	0.762185	2.500000	7.500000	30
4	0.781933	2.500000	7.500000	30
0	0.955882	3.000000	7.500000	30
1	0.884034	3.000000	7.500000	30
2	0.813866	3.000000	7.500000	30
3	0.762185	3.000000	7.500000	30
4	0.781933	3.000000	7.500000	30
0	0.955882	3.500000	7.500000	30
1	0.884034	3.500000	7.500000	30
2	0.813866	3.500000	7.500000	30
3	0.762185	3.500000	7.500000	30
4	0.781933	3.500000	7.500000	30
0	0.955882	4.000000	7.500000	30
1	0.884034	4.000000	7.500000	30
2	0.813866	4.000000	7.500000	30
3	0.762185	4.000000	7.500000	30
4	0.781933	4.000000	7.500000	30
0	0.955882	6.000000	7.500000	30
1	0.884034	6.000000	7.500000	30
2	0.813866	6.000000	7.500000	30
3	0.762185	6.000000	7.500000	30
4	0.781933	6.000000	7.500000	30
0	0.955882	0.100000	4.500000	50
1	0.876891	0.100000	4.500000	50
2	0.856303	0.100000	4.500000	50
3	0.805462	0.100000	4.500000	50
4	0.826471	0.100000	4.500000	50
0	0.955882	0.250000	4.500000	50
1	0.892017	0.250000	4.500000	50
2	0.884454	0.250000	4.500000	50
3	0.826471	0.250000	4.500000	50
4	0.755462	0.250000	4.500000	50
0	0.955882	0.500000	4.500000	50
1	0.892017	0.500000	4.500000	50
2	0.884454	0.500000	4.500000	50
3	0.855042	0.500000	4.500000	50
4	0.949160	0.500000	4.500000	50
0	0.955882	0.750000	4.500000	50
1	0.892017	0.750000	4.500000	50
2	0.884454	0.750000	4.500000	50
3	0.855042	0.750000	4.500000	50
4	0.949160	0.750000	4.500000	50
0	0.955882	1.000000	4.500000	50
1	0.892017	1.000000	4.500000	50
2	0.884454	1.000000	4.500000	50
3	0.855042	1.000000	4.500000	50
4	0.949160	1.000000	4.500000	50
0	0.955882	1.500000	4.500000	50
1	0.892017	1.500000	4.500000	50
2	0.884454	1.500000	4.500000	50
3	0.855042	1.500000	4.500000	50
4	0.949160	1.500000	4.500000	50
0	0.955882	2.000000	4.500000	50
1	0.892017	2.000000	4.500000	50
2	0.884454	2.000000	4.500000	50
3	0.855042	2.000000	4.500000	50
4	0.949160	2.000000	4.500000	50
0	0.955882	2.500000	4.500000	50
1	0.892017	2.500000	4.500000	50
2	0.884454	2.500000	4.500000	50
3	0.855042	2.500000	4.500000	50
4	0.949160	2.500000	4.500000	50
0	0.955882	3.000000	4.500000	50
1	0.892017	3.000000	4.500000	50
2	0.884454	3.000000	4.500000	50
3	0.855042	3.000000	4.500000	50
4	0.949160	3.000000	4.500000	50
0	0.955882	3.500000	4.500000	50
1	0.892017	3.500000	4.500000	50
2	0.884454	3.500000	4.500000	50
3	0.855042	3.500000	4.500000	50
4	0.949160	3.500000	4.500000	50
0	0.955882	4.000000	4.500000	50
1	0.892017	4.000000	4.500000	50
2	0.884454	4.000000	4.500000	50
3	0.855042	4.000000	4.500000	50
4	0.949160	4.000000	4.500000	50
0	0.955882	6.000000	4.500000	50
1	0.892017	6.000000	4.500000	50
2	0.884454	6.000000	4.500000	50
3	0.855042	6.000000	4.500000	50
4	0.949160	6.000000	4.500000	50
0	0.955882	0.100000	2.250000	100
1	0.840756	0.100000	2.250000	100
2	0.820168	0.100000	2.250000	100
3	0.796639	0.100000	2.250000	100
4	0.783193	0.100000	2.250000	100
0	0.955882	0.250000	2.250000	100
1	0.840756	0.250000	2.250000	100
2	0.820168	0.250000	2.250000	100
3	0.796639	0.250000	2.250000	100
4	0.783193	0.250000	2.250000	100
0	0.955882	0.500000	2.250000	100
1	0.840756	0.500000	2.250000	100
2	0.820168	0.500000	2.250000	100
3	0.796639	0.500000	2.250000	100
4	0.783193	0.500000	2.250000	100
0	0.955882	0.750000	2.250000	100
1	0.840756	0.750000	2.250000	100
2	0.820168	0.750000	2.250000	100
3	0.796639	0.750000	2.250000	100
4	0.783193	0.750000	2.250000	100
0	0.955882	1.000000	2.250000	100
1	0.840756	1.000000	2.250000	100
2	0.820168	1.000000	2.250000	100
3	0.796639	1.000000	2.250000	100
4	0.783193	1.000000	2.250000	100
0	0.955882	1.500000	2.250000	100
1	0.840756	1.500000	2.250000	100
2	0.820168	1.500000	2.250000	100
3	0.796639	1.500000	2.250000	100
4	0.783193	1.500000	2.250000	100
0	0.955882	2.000000	2.250000	100
1	0.840756	2.000000	2.250000	100
2	0.820168	2.000000	2.250000	100
3	0.796639	2.000000	2.250000	100
4	0.783193	2.000000	2.250000	100
0	0.955882	2.500000	2.250000	100
1	0.840756	2.500000	2.250000	100
2	0.820168	2.500000	2.250000	100
3	0.796639	2.500000	2.250000	100
4	0.783193	2.500000	2.250000	100
0	0.955882	3.000000	2.250000	100
1	0.840756	3.000000	2.250000	100
2	0.820168	3.000000	2.250000	100
3	0.796639	3.000000	2.250000	100
4	0.783193	3.000000	2.250000	100
0	0.955882	3.500000	2.250000	100
1	0.840756	3.500000	2.250000	100
2	0.820168	3.500000	2.250000	100
3	0.796639	3.500000	2.250000	100
4	0.783193	3.500000	2.250000	100
0	0.955882	4.000000	2.250000	100
1	0.840756	4.000000	2.250000	100
2	0.820168	4.000000	2.250000	100
3	0.796639	4.000000	2.250000	100
4	0.783193	4.000000	2.250000	100
0	0.955882	6.000000	2.250000	100
1	0.840756	6.000000	2.250000	100
2	0.820168	6.000000	2.250000	100
3	0.796639	6.000000	2.250000	100
4	0.783193	6.000000	2.250000	100
0	0.632353	0.100000	0.450000	500
1	0.589916	0.100000	0.450000	500
2	0.539076	0.100000	0.450000	500
3	0.546639	0.100000	0.450000	500
4	0.553782	0.100000	0.450000	500
0	0.632353	0.250000	0.450000	500
1	0.589916	0.250000	0.450000	500
2	0.539076	0.250000	0.450000	500
3	0.546639	0.250000	0.450000	500
4	0.553782	0.250000	0.450000	500
0	0.632353	0.500000	0.450000	500
1	0.589916	0.500000	0.450000	500
2	0.539076	0.500000	0.450000	500
3	0.546639	0.500000	0.450000	500
4	0.553782	0.500000	0.450000	500
0	0.632353	0.750000	0.450000	500
1	0.589916	0.750000	0.450000	500
2	0.539076	0.750000	0.450000	500
3	0.546639	0.750000	0.450000	500
4	0.553782	0.750000	0.450000	500
0	0.632353	1.000000	0.450000	500
1	0.589916	1.000000	0.450000	500
2	0.539076	1.000000	0.450000	500
3	0.546639	1.000000	0.450000	500
4	0.553782	1.000000	0.450000	500
0	0.632353	1.500000	0.450000	500
1	0.589916	1.500000	0.450000	500
2	0.539076	1.500000	0.450000	500
3	0.546639	1.500000	0.450000	500
4	0.553782	1.500000	0.450000	500
0	0.632353	2.000000	0.450000	500
1	0.589916	2.000000	0.450000	500
2	0.539076	2.000000	0.450000	500
3	0.546639	2.000000	0.450000	500
4	0.553782	2.000000	0.450000	500
0	0.632353	2.500000	0.450000	500
1	0.589916	2.500000	0.450000	500
2	0.539076	2.500000	0.450000	500
3	0.546639	2.500000	0.450000	500
4	0.553782	2.500000	0.450000	500
0	0.632353	3.000000	0.450000	500
1	0.589916	3.000000	0.450000	500
2	0.539076	3.000000	0.450000	500
3	0.546639	3.000000	0.450000	500
4	0.553782	3.000000	0.450000	500
0	0.632353	3.500000	0.450000	500
1	0.589916	3.500000	0.450000	500
2	0.539076	3.500000	0.450000	500
3	0.546639	3.500000	0.450000	500
4	0.553782	3.500000	0.450000	500
0	0.632353	4.000000	0.450000	500
1	0.589916	4.000000	0.450000	500
2	0.539076	4.000000	0.450000	500
3	0.546639	4.000000	0.450000	500
4	0.553782	4.000000	0.450000	500
0	0.632353	6.000000	0.450000	500
1	0.589916	6.000000	0.450000	500
2	0.539076	6.000000	0.450000	500
3	0.546639	6.000000	0.450000	500
4	0.553782	6.000000	0.450000	500
