0	0.692308	0.100000	5.000000	10
1	0.886364	0.100000	5.000000	10
2	0.863636	0.100000	5.000000	10
3	0.769231	0.100000	5.000000	10
4	0.883450	0.100000	5.000000	10
0	0.692308	0.250000	5.000000	10
1	0.886364	0.250000	5.000000	10
2	0.977273	0.250000	5.000000	10
3	0.769231	0.250000	5.000000	10
4	0.844988	0.250000	5.000000	10
0	0.692308	0.500000	5.000000	10
1	0.863636	0.500000	5.000000	10
2	0.886364	0.500000	5.000000	10
3	0.900350	0.500000	5.000000	10
4	0.832168	0.500000	5.000000	10
0	0.692308	0.750000	5.000000	10
1	0.863636	0.750000	5.000000	10
2	0.886364	0.750000	5.000000	10
3	0.918998	0.750000	5.000000	10
4	0.923077	0.750000	5.000000	10
0	0.692308	1.000000	5.000000	10
1	0.863636	1.000000	5.000000	10
2	0.886364	1.000000	5.000000	10
3	0.918998	1.000000	5.000000	10
4	0.923077	1.000000	5.000000	10
0	0.692308	1.500000	5.000000	10
1	0.863636	1.500000	5.000000	10
2	0.886364	1.500000	5.000000	10
3	0.918998	1.500000	5.000000	10
4	0.923077	1.500000	5.000000	10
0	0.692308	2.000000	5.000000	10
1	0.863636	2.000000	5.000000	10
2	0.886364	2.000000	5.000000	10
3	0.918998	2.000000	5.000000	10
4	0.923077	2.000000	5.000000	10
0	0.692308	2.500000	5.000000	10
1	0.863636	2.500000	5.000000	10
2	0.886364	2.500000	5.000000	10
3	0.918998	2.500000	5.000000	10
4	0.923077	2.500000	5.000000	10
0	0.692308	3.000000	5.000000	10
1	0.863636	3.000000	5.000000	10
2	0.886364	3.000000	5.000000	10
3	0.918998	3.000000	5.000000	10
4	0.923077	3.000000	5.000000	10
0	0.692308	3.500000	5.000000	10
1	0.863636	3.500000	5.000000	10
2	0.886364	3.500000	5.000000	10
3	0.918998	3.500000	5.000000	10
4	0.923077	3.500000	5.000000	10
0	0.692308	4.000000	5.000000	10
1	0.863636	4.000000	5.000000	10
2	0.886364	4.000000	5.000000	10
3	0.918998	4.000000	5.000000	10
4	0.923077	4.000000	5.000000	10
0	0.692308	6.000000	5.000000	10
1	0.863636	6.000000	5.000000	10
2	0.886364	6.000000	5.000000	10
3	0.918998	6.000000	5.000000	10
4	0.923077	6.000000	5.000000	10
0	0.893357	0.100000	1.666667	30
1	0.954545	0.100000	1.666667	30
2	0.886364	0.100000	1.666667	30
3	0.828089	0.100000	1.666667	30
4	0.903263	0.100000	1.666667	30
0	0.893357	0.250000	1.666667	30
1	0.954545	0.250000	1.666667	30
2	0.886364	0.250000	1.666667	30
3	0.828089	0.250000	1.666667	30
4	0.903263	0.250000	1.666667	30
0	0.893357	0.500000	1.666667	30
1	0.954545	0.500000	1.666667	30
2	0.886364	0.500000	1.666667	30
3	0.828089	0.500000	1.666667	30
4	0.903263	0.500000	1.666667	30
0	0.893357	0.750000	1.666667	30
1	0.954545	0.750000	1.666667	30
2	0.886364	0.750000	1.666667	30
3	0.828089	0.750000	1.666667	30
4	0.903263	0.750000	1.666667	30
0	0.893357	1.000000	1.666667	30
1	0.954545	1.000000	1.666667	30
2	0.886364	1.000000	1.666667	30
3	0.828089	1.000000	1.666667	30
4	0.903263	1.000000	1.666667	30
0	0.893357	1.500000	1.666667	30
1	0.954545	1.500000	1.666667	30
2	0.886364	1.500000	1.666667	30
3	0.828089	1.500000	1.666667	30
4	0.903263	1.500000	1.666667	30
0	0.893357	2.000000	1.666667	30
1	0.954545	2.000000	1.666667	30
2	0.886364	2.000000	1.666667	30
3	0.828089	2.000000	1.666667	30
4	0.903263	2.000000	1.666667	30
0	0.893357	2.500000	1.666667	30
1	0.954545	2.500000	1.666667	30
2	0.886364	2.500000	1.666667	30
3	0.828089	2.500000	1.666667	30
4	0.903263	2.500000	1.666667	30
0	0.893357	3.000000	1.666667	30
1	0.954545	3.000000	1.666667	30
2	0.886364	3.000000	1.666667	30
3	0.828089	3.000000	1.666667	30
4	0.903263	3.000000	1.666667	30
0	0.893357	3.500000	1.666667	30
1	0.954545	3.500000	1.666667	30
2	0.886364	3.500000	1.666667	30
3	0.828089	3.500000	1.666667	30
4	0.903263	3.500000	1.666667	30
0	0.893357	4.000000	1.666667	30
1	0.954545	4.000000	1.666667	30
2	0.886364	4.000000	1.666667	30
3	0.828089	4.000000	1.666667	30
4	0.903263	4.000000	1.666667	30
0	0.893357	6.000000	1.666667	30
1	0.954545	6.000000	1.666667	30
2	0.886364	6.000000	1.666667	30
3	0.828089	6.000000	1.666667	30
4	0.903263	6.000000	1.666667	30
0	0.594988	0.100000	1.000000	50
1	0.590909	0.100000	1.000000	50
2	0.613636	0.100000	1.000000	50
3	0.575175	0.100000	1.000000	50
4	0.542541	0.100000	1.000000	50
0	0.594988	0.250000	1.000000	50
1	0.590909	0.250000	1.000000	50
2	0.613636	0.250000	1.000000	50
3	0.575175	0.250000	1.000000	50
4	0.542541	0.250000	1.000000	50
0	0.594988	0.500000	1.000000	50
1	0.590909	0.500000	1.000000	50
2	0.613636	0.500000	1.000000	50
3	0.575175	0.500000	1.000000	50
4	0.542541	0.500000	1.000000	50
0	0.594988	0.750000	1.000000	50
1	0.590909	0.750000	1.000000	50
2	0.613636	0.750000	1.000000	50
3	0.575175	0.750000	1.000000	50
4	0.542541	0.750000	1.000000	50
0	0.594988	1.000000	1.000000	50
1	0.590909	1.000000	1.000000	50
2	0.613636	1.000000	1.000000	50
3	0.575175	1.000000	1.000000	50
4	0.542541	1.000000	1.000000	50
0	0.594988	1.500000	1.000000	50
1	0.590909	1.500000	1.000000	50
2	0.613636	1.500000	1.000000	50
3	0.575175	1.500000	1.000000	50
4	0.542541	1.500000	1.000000	50
0	0.594988	2.000000	1.000000	50
1	0.590909	2.000000	1.000000	50
2	0.613636	2.000000	1.000000	50
3	0.575175	2.000000	1.000000	50
4	0.542541	2.000000	1.000000	50
0	0.594988	2.500000	1.000000	50
1	0.590909	2.500000	1.000000	50
2	0.613636	2.500000	1.000000	50
3	0.575175	2.500000	1.000000	50
4	0.542541	2.500000	1.000000	50
0	0.594988	3.000000	1.000000	50
1	0.590909	3.000000	1.000000	50
2	0.613636	3.000000	1.000000	50
3	0.575175	3.000000	1.000000	50
4	0.542541	3.000000	1.000000	50
0	0.594988	3.500000	1.000000	50
1	0.590909	3.500000	1.000000	50
2	0.613636	3.500000	1.000000	50
3	0.575175	3.500000	1.000000	50
4	0.542541	3.500000	1.000000	50
0	0.594988	4.000000	1.000000	50
1	0.590909	4.000000	1.000000	50
2	0.613636	4.000000	1.000000	50
3	0.575175	4.000000	1.000000	50
4	0.542541	4.000000	1.000000	50
0	0.594988	6.000000	1.000000	50
1	0.590909	6.000000	1.000000	50
2	0.613636	6.000000	1.000000	50
3	0.575175	6.000000	1.000000	50
4	0.542541	6.000000	1.000000	50
0	0.575175	0.100000	0.500000	100
1	0.636364	0.100000	0.500000	100
2	0.636364	0.100000	0.500000	100
3	0.643357	0.100000	0.500000	100
4	0.569347	0.100000	0.500000	100
0	0.575175	0.250000	0.500000	100
1	0.636364	0.250000	0.500000	100
2	0.636364	0.250000	0.500000	100
3	0.643357	0.250000	0.500000	100
4	0.569347	0.250000	0.500000	100
0	0.575175	0.500000	0.500000	100
1	0.636364	0.500000	0.500000	100
2	0.636364	0.500000	0.500000	100
3	0.643357	0.500000	0.500000	100
4	0.569347	0.500000	0.500000	100
0	0.575175	0.750000	0.500000	100
1	0.636364	0.750000	0.500000	100
2	0.636364	0.750000	0.500000	100
3	0.643357	0.750000	0.500000	100
4	0.569347	0.750000	0.500000	100
0	0.575175	1.000000	0.500000	100
1	0.636364	1.000000	0.500000	100
2	0.636364	1.000000	0.500000	100
3	0.643357	1.000000	0.500000	100
4	0.569347	1.000000	0.500000	100
0	0.575175	1.500000	0.500000	100
1	0.636364	1.500000	0.500000	100
2	0.636364	1.500000	0.500000	100
3	0.643357	1.500000	0.500000	100
4	0.569347	1.500000	0.500000	100
0	0.575175	2.000000	0.500000	100
1	0.636364	2.000000	0.500000	100
2	0.636364	2.000000	0.500000	100
3	0.643357	2.000000	0.500000	100
4	0.569347	2.000000	0.500000	100
0	0.575175	2.500000	0.500000	100
1	0.636364	2.500000	0.500000	100
2	0.636364	2.500000	0.500000	100
3	0.643357	2.500000	0.500000	100
4	0.569347	2.500000	0.500000	100
0	0.575175	3.000000	0.500000	100
1	0.636364	3.000000	0.500000	100
2	0.636364	3.000000	0.500000	100
3	0.643357	3.000000	0.500000	100
4	0.569347	3.000000	0.500000	100
0	0.575175	3.500000	0.500000	100
1	0.636364	3.500000	0.500000	100
2	0.636364	3.500000	0.500000	100
3	0.643357	3.500000	0.500000	100
4	0.569347	3.500000	0.500000	100
0	0.575175	4.000000	0.500000	100
1	0.636364	4.000000	0.500000	100
2	0.636364	4.000000	0.500000	100
3	0.643357	4.000000	0.500000	100
4	0.569347	4.000000	0.500000	100
0	0.575175	6.000000	0.500000	100
1	0.636364	6.000000	0.500000	100
2	0.636364	6.000000	0.500000	100
3	0.643357	6.000000	0.500000	100
4	0.569347	6.000000	0.500000	100
0	0.582168	0.100000	0.100000	500
1	0.636364	0.100000	0.100000	500
2	0.659091	0.100000	0.100000	500
3	0.607809	0.100000	0.100000	500
4	0.656177	0.100000	0.100000	500
0	0.582168	0.250000	0.100000	500
1	0.636364	0.250000	0.100000	500
2	0.659091	0.250000	0.100000	500
3	0.607809	0.250000	0.100000	500
4	0.656177	0.250000	0.100000	500
0	0.582168	0.500000	0.100000	500
1	0.636364	0.500000	0.100000	500
2	0.659091	0.500000	0.100000	500
3	0.607809	0.500000	0.100000	500
4	0.656177	0.500000	0.100000	500
0	0.582168	0.750000	0.100000	500
1	0.636364	0.750000	0.100000	500
2	0.659091	0.750000	0.100000	500
3	0.607809	0.750000	0.100000	500
4	0.656177	0.750000	0.100000	500
0	0.582168	1.000000	0.100000	500
1	0.636364	1.000000	0.100000	500
2	0.659091	1.000000	0.100000	500
3	0.607809	1.000000	0.100000	500
4	0.656177	1.000000	0.100000	500
0	0.582168	1.500000	0.100000	500
1	0.636364	1.500000	0.100000	500
2	0.659091	1.500000	0.100000	500
3	0.607809	1.500000	0.100000	500
4	0.656177	1.500000	0.100000	500
0	0.582168	2.000000	0.100000	500
1	0.636364	2.000000	0.100000	500
2	0.659091	2.000000	0.100000	500
3	0.607809	2.000000	0.100000	500
4	0.656177	2.000000	0.100000	500
0	0.582168	2.500000	0.100000	500
1	0.636364	2.500000	0.100000	500
2	0.659091	2.500000	0.100000	500
3	0.607809	2.500000	0.100000	500
4	0.656177	2.500000	0.100000	500
0	0.582168	3.000000	0.100000	500
1	0.636364	3.000000	0.100000	500
2	0.659091	3.000000	0.100000	500
3	0.607809	3.000000	0.100000	500
4	0.656177	3.000000	0.100000	500
0	0.582168	3.500000	0.100000	500
1	0.636364	3.500000	0.100000	500
2	0.659091	3.500000	0.100000	500
3	0.607809	3.500000	0.100000	500
4	0.656177	3.500000	0.100000	500
0	0.582168	4.000000	0.100000	500
1	0.636364	4.000000	0.100000	500
2	0.659091	4.000000	0.100000	500
3	0.607809	4.000000	0.100000	500
4	0.656177	4.000000	0.100000	500
0	0.582168	6.000000	0.100000	500
1	0.636364	6.000000	0.100000	500
2	0.659091	6.000000	0.100000	500
3	0.607809	6.000000	0.100000	500
4	0.656177	6.000000	0.100000	500
